   1.0000000000000000        1.0000000000000000        0.0000000000000000     
   1.2757725651479581       0.99895975568037865      -0.35797936238113570     
   1.5579496493056224       0.99598854916527368      -0.71634319416948145     
   1.8626492049334100       0.99066575472673812       -1.1060623813272212     
   2.2623672160358983       0.97957345768212545       -1.6381337502331359     
   2.6054648044959010       0.96554235628376317       -2.1102799734031206     
   2.9973368647344620       0.94490400105499728       -2.6405894050956071     
   3.3969488371062635       0.92034582094311901       -3.1555614972915129     
   3.7457824575236520       0.89607738256090985       -3.5970937455289902     
   4.1570068886674498       0.86200955679397240       -4.1366249773505199     
   4.5497730869968764       0.82168992904133931       -4.6781523162973437     
   4.9696382588049373       0.77105627251735742       -5.2518740712711853     
   5.3661763888195102       0.71900888883339831       -5.7617646271564205     
   5.7461830406547927       0.66446768884113805       -6.2366298435909480     
   6.0959601950334825       0.60541682505746497       -6.6917974406130503     
   6.4777914025401762       0.52355856151445801       -7.2259633070913916     
   6.8070035839352245       0.43420943377478316       -7.6961768049837609     
   7.0870512227833915       0.34428945841327957       -8.0720756279903227     
   7.3863500857572637       0.22941729718582929       -8.4317840008744067     
   7.5614259227889518       0.14087300063724276       -8.6203753059621508     
   7.6618207104296427        6.4964562097696008E-002  -8.7161553634774016     
   7.7056432396444565       -1.0110731670816015E-004  -8.7437374661633580     
   7.7077474560301482       -5.9382490845625219E-002  -8.7180558592495974     
   7.6164169839037630      -0.15745416457578101       -8.5385168238104754     
   7.4654908241765003      -0.22119062318647256       -8.2838385165117625     
   7.2510926204822272      -0.26972133231988699       -7.9496366249978880     
   6.9468137098106038      -0.30532998661400873       -7.5285218919763057     
   6.6886203680952905      -0.32207389920579982       -7.2099139396534557     
   6.3577183669165374      -0.33555211287722775       -6.8206515457985555     
   6.0817123660882615      -0.34214010525410210       -6.4821415609487083     
   5.8166571201296167      -0.34312317768235695       -6.1250921212747294     
   5.4494986685911728      -0.33000228565500717       -5.5812388721858541     
   5.1456207562832690      -0.30432798147686313       -5.1339836797359482     
   4.8895806300543834      -0.27577868752436296       -4.7932006275412018     
   4.6230474434452073      -0.24294548090541404       -4.4761388140322271     
   4.3601789706157028      -0.20752024682207512       -4.1826159132581671     
   4.1803490951901692      -0.17916849326207765       -3.9780652186624272     
   4.0264911819245741      -0.14838093533519323       -3.7897715928703994     
   3.8890763996495763      -0.10761857557337712       -3.5989951381026168     
   3.7997915490881198       -5.0173582451793347E-002  -3.4390075016597419     
   3.7946446183668856       -1.0871827651546659E-002  -3.3972999129065138     
   3.8094810825010810        1.1321519144191317E-002  -3.3975030264518886     
   3.8462805241067692        3.9471191903583190E-002  -3.4236188215608458     
   3.9173504213845067        7.2899735247282688E-002  -3.4971723197506739     
   4.0364340617187864       0.10933919163426224       -3.6488876476661858     
   4.2262945610975935       0.14323137296295091       -3.9367296863089840     
   4.4433767279048046       0.15396641753052601       -4.3132163945396735     
   4.6743618413534858       0.13078048229661057       -4.7364765727437179     
   4.8421692032081198        8.4161918636322205E-002  -5.0358129900338087     
   4.9193616664941988        4.1442808792287747E-002  -5.1693006295099533     
   4.9385479389958293        2.3293241478336063E-003  -5.2118261494930209     
   4.8929911663004519       -3.6882198421532564E-002  -5.1737767663426144     
   4.8011086421633946       -6.4878286824194886E-002  -5.0853128995647587     
   4.6886288375467320       -8.5741055536389152E-002  -4.9790391957031543     
   4.5501691151606432      -0.10474161839542712       -4.8492543946238298     
   4.3408570064513903      -0.12766604157063838       -4.6448660495134817     
   4.1489043440067759      -0.14492971369404706       -4.4357784741811832     
   3.9698710239190853      -0.15689331930527478       -4.2107041706637238     
   3.7403099636857227      -0.16102506071802403       -3.8679494910240471     
   3.5636738459656900      -0.14831451452734520       -3.5615369046939711     
   3.4262607275648493      -0.12101935582216047       -3.2989449660410259     
   3.3192183618626347       -7.2507475160729917E-002  -3.0661292667058562     
   3.2988074144935866       -2.0317273093592176E-002  -2.9644507047420592     
   3.3204977857308173        5.6981630956476756E-003  -2.9568157847413024     
   3.3623399878718319        3.0728967990606426E-002  -2.9750367260197135     
   3.4378961040978457        5.9692978808099810E-002  -3.0279599673727167     
   3.5503310174883307        9.0235423822100175E-002  -3.1230899606229316     
   3.7393144229445894       0.12838420931992245       -3.3088809017176706     
   3.9488019050460479       0.16036806377953952       -3.5524778566770316     
   4.1606366148702740       0.18257837058060727       -3.8443110707329970     
   4.4520022034043523       0.18998680236632484       -4.3124434496512905     
   4.7009844056854426       0.16877546667312104       -4.7341176576595272     
   4.9613798415887249       0.11949141022614161       -5.1339954538909627     
   5.1837655983075335        5.9109549260184753E-002  -5.3975733222088014     
   5.3042287720966410        1.9741815892854519E-002  -5.4875055814543696     
   5.3652010943803132       -1.4206108031069296E-003  -5.5025575356678642     
   5.3944985302678869       -1.0694216744914444E-002  -5.4950809174840769     
   5.4226703402327319       -1.6869457067330097E-002  -5.4749918342758042     
   5.4488255339972378       -1.7749670389632832E-002  -5.4490884701730247     
   5.4766849983737806       -1.3650860399616799E-002  -5.4262533391608621     
   5.5074462932326407       -6.3064814316980793E-003  -5.4132575230377942     
   5.5348201404188089        8.9840427225089305E-004  -5.4106638432803669     
   5.5655791330371605        8.9920524182462505E-003  -5.4148895582379302     
   5.6170040337329254        2.1937606666120497E-002  -5.4335054970267969     
   5.6924279780550426        3.9314315404568825E-002  -5.4782520987266352     
   5.8047731649773189        6.1872172722334570E-002  -5.5713678056568234     
   6.0016782767590477        9.1769736072140326E-002  -5.7951412712795092     
   6.1693257983282734       0.10412117166692329       -6.0448419950477446     
   6.2870251655745344       0.10051900251346185       -6.2574755480052513     
   6.3750702689788081        8.3989868732493395E-002  -6.4486488758295115     
   6.4263507558536324        4.8921885454655353E-002  -6.6170585524769061     
   6.4159101752971823        1.6910261310206353E-002  -6.6756887670441616     
   6.3912758331500408       -2.5428496143391388E-003  -6.6828034319892078     
   6.3564214848951552       -2.1065722390230971E-002  -6.6721439152225051     
   6.2919719671636116       -4.6239677260796225E-002  -6.6310615061193046     
   6.1887513522752053       -7.6275165689293933E-002  -6.5385376094078520     
   5.9968922000070952      -0.11555402494484550       -6.3136697763645113     
   5.7524174200592793      -0.14132107579629219       -5.9462041123696130     
   5.5813742032373934      -0.13938462999409373       -5.6427989703124695     
   5.4354612019647357      -0.11819511539132291       -5.3587142012457045     
   5.3135354253981326       -6.8348737347080149E-002  -5.0883067432395608     
   5.2946461655122334       -2.3188709169187114E-002  -4.9928130577449643     
   5.3155235014798228        2.9244008411925745E-003  -4.9812666914340289     
   5.3516799053839827        2.4919296238780850E-002  -4.9944333433130605     
   5.4201635325835360        5.1846988821709003E-002  -5.0390426431029161     
   5.5229014025948961        8.0421594164264282E-002  -5.1220923320072602     
   5.6813911725120985       0.11358554649578216       -5.2705210346149878     
   5.9031986124043989       0.14893156231700247       -5.5162155262027897     
   6.1043313306425420       0.17169406933926065       -5.7826744851371856     
   6.3778277800946066       0.18316249377612148       -6.2114852741592150     
   6.6041034474913776       0.16881167953334561       -6.6008944552315718     
   6.8479821394857820       0.12413012474952757       -7.0077449526493458     
   7.0329803393959001        6.5668604689149410E-002  -7.2712887759132494     
   7.1265467739623292        1.8805342317039821E-002  -7.3688000842852333     
   7.1530998645552115       -5.1451005425031549E-003  -7.3780089834489724     
   7.1587053920323864       -2.2333972271905173E-002  -7.3607822873149669     
   7.1473036576532998       -3.7740833196115715E-002  -7.3179255035089552     
   7.1171891061918915       -4.9147774700467217E-002  -7.2524015287760584     
   7.0681626243418822       -5.6267271801167258E-002  -7.1681506423884223     
   6.9969927649153112       -5.9397545094569806E-002  -7.0663131571295867     
   6.8766882843466428       -5.9010336207888252E-002  -6.9263000400713679     
   6.7570814997924789       -5.7983880878039185E-002  -6.8125935517006067     
   6.6418794894278257       -5.8683403846040330E-002  -6.7166102550405178     
   6.5062215894950031       -6.2240232027923587E-002  -6.6098851990095921     
   6.3293767196189874       -7.0629332451202106E-002  -6.4649279676165916     
   6.1962517365477661       -7.8446853728088350E-002  -6.3405931099851562     
   6.0669768487556164       -8.5443013554218739E-002  -6.1988435534641271     
   5.9101103031377056       -8.8792706930921977E-002  -5.9872677429805563     
   5.7911102522389735       -8.0680669559620791E-002  -5.7841975327077684     
   5.7189998916473002       -6.1068263405420348E-002  -5.6217155943381147     
   5.6972069752449377       -2.9134921659601538E-002  -5.5109034746687398     
   5.7138573896438807       -6.9730856925472734E-003  -5.4854203840097249     
   5.7343626982580718        7.0486789237165894E-003  -5.4854254946054057     
   5.7718738281938249        2.5420283979744027E-002  -5.5029224828119387     
   5.8350818318082869        4.8206469708616133E-002  -5.5529902367987418     
   5.9302235349452621        7.3528134458989813E-002  -5.6533890194078467     
   6.0622507248548123        9.7792521728677570E-002  -5.8264856592886458     
   6.2056975255897493       0.11147866379675112       -6.0526291823616001     
   6.3305122413069865       0.11007161351011240       -6.2819225064648450     
   6.4308716455039061        9.3860137229292012E-002  -6.4961191504422722     
   6.4974659568620092        5.7140658026492500E-002  -6.6902776437717346     
   6.4932774187978755        2.0714078740256357E-002  -6.7653221445543270     
   6.4672007887768341       -1.5283788828879949E-003  -6.7755620456346151     
   6.4331855950464352       -2.0088152035598647E-002  -6.7663546036885389     
   6.3685767267216260       -4.5726533910127591E-002  -6.7279973624627667     
   6.2652419139459967       -7.6222716315181849E-002  -6.6417007882952079     
   6.0660980491767083      -0.11862307802261821       -6.4251074354078073     
   5.8197519558983535      -0.15046133446756971       -6.0813210045572292     
   5.5956669567593691      -0.15607896564077481       -5.7055333452229382     
   5.4164742724983137      -0.13837371878505761       -5.3767873735779457     
   5.2403367699063352       -8.9907813699819164E-002  -5.0421491617080028     
   5.1687617607385077       -4.0061074055982519E-002  -4.8905123585338997     
   5.1684090468544248       -2.3583760852433199E-003  -4.8546806105142997     
   5.1945819107937590        2.1197857881501875E-002  -4.8648739199779421     
   5.2575740893023948        4.9334155054296412E-002  -4.9118476610830415     
   5.3526250127464596        7.5652890451131785E-002  -4.9929323223836093     
   5.4798884943179358       0.10097974338675840       -5.1081800718830186     
   5.6799181079664018       0.13148839493359349       -5.3042905480059250     
   5.8857655386196708       0.15626525963723631       -5.5342520820860752     
   6.0794465937796582       0.17331436676871476       -5.7866667777381124     
   6.3368463351812192       0.18084484306489532       -6.1825082005255281     
   6.5442337610977308       0.16718863954719596       -6.5394417842820207     
   6.7379467191117639       0.13212704188269214       -6.8794268480466014     
   6.9120536048844237        7.1278102970384519E-002  -7.1684599423441373     
   6.9775094479702826        2.2397401598560122E-002  -7.2690461413441669     
   6.9764724485502230       -1.8189054653598543E-002  -7.2723422309933285     
   6.9047203209424506       -5.5978792777856091E-002  -7.1924703148653650     
   6.7885341944494257       -8.2181903023754013E-002  -7.0720166357606535     
   6.6590974605121529      -0.10084990053302759       -6.9451689445553502     
   6.4978764675605687      -0.11860432638589107       -6.7896762333431848     
   6.2697906748577381      -0.13906572230973174       -6.5580295152025050     
   6.0903773593013710      -0.15203061330692638       -6.3525687360024170     
   5.9059085986271418      -0.16053578083056458       -6.1083117209931297     
   5.6795602388009865      -0.15751203232932648       -5.7530998685773334     
   5.5237117791126131      -0.13934657439244930       -5.4725163205230727     
   5.4010689069625020      -0.10666181769382659       -5.2285936135500837     
   5.3205084279306725       -4.9859966200552629E-002  -5.0255420114249487     
   5.3289649517202422       -8.0584215625527818E-003  -4.9764596698699144     
   5.3549842841699231        1.3726319660077792E-002  -4.9788899057012044     
   5.4092841230193072        4.0953173915888881E-002  -5.0083151995792754     
   5.4978889867725762        7.0844670836382545E-002  -5.0753651936167259     
   5.6305165443497680       0.10356384019708592       -5.1943424995048719     
   5.8527449115346233       0.14447897781531005       -5.4303793983154529     
   6.0540294394542018       0.17153868672206585       -5.6863366268224151     
   6.3185818384547670       0.19023147949463354       -6.0855302871914638     
   6.5843044467302789       0.18259775330220834       -6.5326191202007777     
   6.8468628310899327       0.14592295493541468       -6.9614122948011232     
   7.1027314391339020        8.6695812605924752E-002  -7.3069883641571618     
   7.2717630116346932        3.7624406535441857E-002  -7.4678080147833450     
   7.3732523504767045        5.6223993560441561E-003  -7.5163321427307466     
   7.4096413582519141       -4.9399437979639515E-003  -7.5163456595666869     
   7.4429526560619914       -1.2131654945612453E-002  -7.5041203816825668     
   7.4741864865502272       -1.4375574836912564E-002  -7.4840896693863090     
   7.5054615495597918       -1.1511576735962276E-002  -7.4650497140957111     
   7.5378923999391949       -5.1791100151592408E-003  -7.4540542559263496     
   7.5650535872148081        1.1942082131697705E-003  -7.4521432017453062     
   7.5974783387378011        9.1385684949519350E-003  -7.4568524300904224     
   7.6499738914679396        2.1815614746744549E-002  -7.4763530883744131     
   7.7259791293400291        3.8919034638753069E-002  -7.5227805140881419     
   7.8369177445763354        6.0749468901305628E-002  -7.6180609740316685     
   8.0006097607723650        8.5325519380310716E-002  -7.8069491735735257     
   8.1484975804797912        9.6850517296510175E-002  -8.0256196389558205     
   8.2602510650023522        9.4452206590011828E-002  -8.2257473948654187     
   8.3441130035257025        7.9620779163008415E-002  -8.4078514668979274     
   8.3926176125409526        4.6602207163616897E-002  -8.5705637851001448     
   8.3822918240036817        1.6723721248863836E-002  -8.6265480386361890     
   8.3583024206785517       -2.1160696001145886E-003  -8.6339626702037311     
   8.3254596191163763       -1.9598295836624119E-002  -8.6241932628805458     
   8.2643928232961112       -4.3641491703270134E-002  -8.5852695301237283     
   8.1672612042635677       -7.2176472556402929E-002  -8.4973273069126982     
   8.0054983869771323      -0.10616600498802617       -8.3078617234353533     
   7.7923588825303129      -0.13113015428528402       -7.9924609922802476     
   7.6308638799964870      -0.13226462348791398       -7.7088302778274924     
   7.4969308843484406      -0.11573089310727383       -7.4453884757882483     
   7.3897420918464931       -7.7086379480244660E-002  -7.2005190078074230     
   7.3634229068469494       -2.8902282195121167E-002  -7.0752037974872666     
   7.3862625981311165       -5.3762469761632885E-004  -7.0566948408709864     
   7.4171235806410403        1.8694211950917257E-002  -7.0641808423132817     
   7.4788438077561414        4.4742668131045410E-002  -7.0994157132270441     
   7.5753322350023771        7.3922453128931129E-002  -7.1740246330363124     
   7.7311010628725727       0.10920361399605945       -7.3202884721594765     
   7.9514990360384452       0.14637846800147775       -7.5721229110302870     
   8.1657359235063218       0.17020111237210406       -7.8692595179435045     
   8.4373571302482624       0.17694139477408000       -8.3120220287651811     
   8.6591844297264515       0.15649327567854657       -8.6987700509521524     
   8.9058906560628071       0.10057501624255231       -9.1033830870481829     
   9.0355374015299432        5.0423736301518307E-002  -9.2821525239604554     
   9.1001907195501524        5.9389207205548323E-003  -9.3454376992260535     
   9.1089439264569698       -1.2886722290473456E-002  -9.3412301021285469     
   9.0996096175525540       -3.2039580566915166E-002  -9.3098752593905481     
   9.0657382710622301       -4.8540660815120179E-002  -9.2483399616470976     
   9.0008603405385905       -6.1771179039209263E-002  -9.1547359617303226     
   8.8717274472820566       -7.3148317769320029E-002  -9.0018712854382201     
   8.7422270013514236       -7.9372037586113983E-002  -8.8714065432791376     
   8.6049976644399795       -8.4949149999506687E-002  -8.7452187439480831     
   8.4131477316101311       -9.3248421085089961E-002  -8.5726785677500672     
   8.2472192186427460      -0.10095336713255196       -8.4128375530535422     
   8.1037988429733083      -0.10691932522316275       -8.2563463250933502     
   7.9550855970978267      -0.11000302730420446       -8.0663344626041891     
   7.7855269425183984      -0.10276087641620613       -7.8002296994454365     
   7.6877971875602613       -8.4614909689653614E-002  -7.6073089835595535     
   7.6313612679898384       -5.0486010907527412E-002  -7.4433602090522983     
   7.6371752101832531       -1.7859781913175516E-002  -7.3809216891667679     
   7.6603749223110817        2.2111922081164423E-003  -7.3728489485813951     
   7.6926654099640013        2.0373397833110107E-002  -7.3830114204323030     
   7.7534164438769082        4.5171714133439511E-002  -7.4233530191930805     
   7.8506124452272399        7.4351967066843772E-002  -7.5141931937316722     
   8.0101471747271429       0.10818363572915878       -7.7054896226766498     
   8.2158901431526878       0.13231476747248497       -8.0136680678257157     
   8.3786515649868054       0.13342696067993667       -8.3006446722204696     
   8.5153715440897972       0.11635531214538233       -8.5693506681821816     
   8.6284498809616199        7.4190658817210986E-002  -8.8273374183281845     
   8.6514324144847343        2.7793627968926607E-002  -8.9418580963487635     
   8.6288124904252967       -1.9843825343510276E-004  -8.9589512089835424     
   8.5973762922418562       -1.9679407799720577E-002  -8.9506353870867734     
   8.5345910289331517       -4.5854225549441116E-002  -8.9139517408120916     
   8.4372011926527382       -7.4870996646283924E-002  -8.8381808513849283     
   8.2818747548745311      -0.10958411569522046       -8.6928593388329816     
   8.0636896588176477      -0.14617377312047092       -8.4461947016757737     
   7.8544595538812967      -0.16994754419505326       -8.1602767816588866     
   7.5804409330703395      -0.17853753334269454       -7.7185807552590884     
   7.3581886525497850      -0.16013333404373756       -7.3320871620917032     
   7.1099857514655254      -0.10718606994931074       -6.9224110847442182     
   6.9670376755121390       -5.5167797598716831E-002  -6.7229078392428008     
   6.8933996090711966       -9.3122626815997124E-003  -6.6488258474465765     
   6.8808840047945754        9.8925874330128387E-003  -6.6494108487238881     
   6.8851132089446754        2.8668603629900265E-002  -6.6755105871431137     
   6.9116358774024436        4.5025885374865994E-002  -6.7304636641964688     
   6.9642805537539196        5.7800083022856247E-002  -6.8135024784614426     
   7.0592734614025252        6.7674839628685562E-002  -6.9365988673442374     
   7.1996075956931378        7.4237004416503452E-002  -7.0875051891275103     
   7.3282579462583648        7.8515807897610784E-002  -7.2084895818688279     
   7.4795552624094253        8.3938478899221292E-002  -7.3423105976380061     
   7.6751898719418730        9.2339172476245041E-002  -7.5193119730570306     
   7.8203036570119053        9.8882105358904238E-002  -7.6654019079388966     
   7.9597103954830333       0.10379252893404883       -7.8270873023293639     
   8.1258483047794687       0.10346081512302778       -8.0598283521895855     
   8.2534425144791133        9.1005985225203090E-002  -8.2826697420325726     
   8.3284457614286094        6.7453834268949631E-002  -8.4537479458856541     
   8.3504873233898156        3.0357916579190021E-002  -8.5712067848257494     
   8.3309499886636846        5.6209058993906026E-003  -8.5957083482955046     
   8.3080365851366587       -9.7315022486176659E-003  -8.5940836650330290     
   8.2635434586238432       -3.1041928988546658E-002  -8.5717202082148614     
   8.1890353378043930       -5.7133402232307451E-002  -8.5112574970534443     
   8.0726916212891613       -8.6982571968576033E-002  -8.3868720018308469     
   7.8970976417686121      -0.11674079708438029       -8.1507820988031465     
   7.7248510693818764      -0.12909529895642943       -7.8704901848547353     
   7.5832967226722090      -0.12297281007601067       -7.6063830946840811     
   7.4671649556413113       -9.9472435482131638E-002  -7.3618682751889919     
   7.3934606462352201       -5.1660435787345450E-002  -7.1537247445953334     
   7.4019570844390001       -1.4646637087068337E-002  -7.0962027740308971     
   7.4268701651689479        5.9419963060749039E-003  -7.0922232697904573     
   7.4699984191267381        2.8380042688556928E-002  -7.1088120162762829     
   7.5451735211990316        5.5789112830789252E-002  -7.1583777124812888     
   7.6610329535679123        8.7040499203630023E-002  -7.2564998439606931     
   7.8694629504123927       0.12867238297316305       -7.4749007156730070     
   8.0731308357644771       0.15740781574571486       -7.7369363499204891     
   8.3423666241907455       0.17455912718930930       -8.1546993354767423     
   8.5627552087035994       0.16444519751925540       -8.5372474105396474     
   8.7999709711210716       0.12262142018384999       -8.9475625953262217     
   8.9624984591838484        6.8189266155303047E-002  -9.2004899222601857     
   9.0380469846258489        2.2889808647436363E-002  -9.2987638265401706     
   9.0551945998621459       -7.5542217025693246E-003  -9.3107138195740209     
   9.0420601364833253       -3.0085146802946969E-002  -9.2839726565800280     
   8.9939737016597245       -5.1990382468699053E-002  -9.2159176427115472     
   8.8762439927593153       -7.4314437156714278E-002  -9.0775235359265416     
   8.7475921367261442       -8.7692109191513448E-002  -8.9452893960856148     
   8.6069332283974713       -9.8512210416384166E-002  -8.8108139636873108     
   8.4077452244516611      -0.11163532310040528       -8.6224023990528647     
   8.2228017697660594      -0.12259040499534919       -8.4341873797379687     
   8.0637663140008815      -0.13014171374610262       -8.2504570071544254     
   7.8906119543001303      -0.13339808329344788       -8.0160326899088936     
   7.7076533102744778      -0.12367050611480665       -7.7167499316300150     
   7.5977552862597975      -0.10268664885422223       -7.5005074605483992     
   7.5274040211153510       -6.7864605129616534E-002  -7.3212294791670702     
   7.5210842590070213       -2.3309417949442763E-002  -7.2232906405485533     
   7.5464608803797519        1.4477057078460900E-003  -7.2114189011953931     
   7.5803225246287491        2.1351684510700474E-002  -7.2210431934198160     
   7.6459983593098926        4.8763396000728848E-002  -7.2617320048752703     
   7.7525163904748657        8.1232916251973306E-002  -7.3538704838354638     
   7.9593709899956613       0.12586463252907201       -7.5858739558650781     
   8.2185517549124825       0.15831982890347854       -7.9572979532124259     
   8.4467519170259209       0.16197577787117182       -8.3441721658483008     
   8.6486837788376345       0.13971321084661273       -8.7088117123307374     
   8.8428537335935467        8.5732225605977264E-002  -9.0530360366335803     
   8.9220705092898154        3.9268687597617841E-002  -9.1894303140781535     
   8.9366048591280531       -2.0555724681180793E-003  -9.2257740818112275     
   8.8803749688024780       -4.3124544871529884E-002  -9.1757240519152905     
   8.7840321279631599       -7.0539611033011859E-002  -9.0824341094661527     
   8.6663249125818584       -9.1706835584253105E-002  -8.9706770937061524     
   8.5192182774537262      -0.11151707203522389       -8.8313500027732879     
   8.2957770754355327      -0.13554150601669940       -8.6080724659932937     
   8.1098876564516935      -0.15171589132772897       -8.3986789601796854     
   7.9249666826057812      -0.16298376841010057       -8.1577515963291756     
   7.6891632831327978      -0.16406954644160848       -7.7937128712398485     
   7.5184936139794836      -0.14826149375875505       -7.4923642947875653     
   7.3790605274367929      -0.11685390386266996       -7.2258167762129792     
   7.2709722606565270       -5.9084373502861540E-002  -6.9893884340420787     
   7.2640010734790179       -1.2248085562128723E-002  -6.9209066919690088     
   7.2872398564843133        1.1736712533383360E-002  -6.9206630502415702     
   7.3379253927837889        3.9082340162376029E-002  -6.9488388361756073     
   7.4225979265224300        6.8229174298814046E-002  -7.0135353588724252     
   7.5446556957619642        9.8275244705447545E-002  -7.1207234532078756     
   7.7510836424439571       0.13627477860722392       -7.3276344848486943     
   7.9557797730534974       0.16497599243417441       -7.5683984812136629     
   8.1683023690338779       0.18531656586360290       -7.8625906611499845     
   8.4576157128259108       0.19053975019586231       -8.3280957476492752     
   8.7009079705572621       0.16855079126575301       -8.7399727113198047     
   8.9561114895307163       0.11913725047993041       -9.1330104029200658     
   9.1789365660529310        5.6558304530483418E-002  -9.3982043679365752     
   9.2956486360508528        1.5861647835787068E-002  -9.4827139639867628     
   9.3436916300122093       -2.6641027489666671E-003  -9.4919446451617695     
   9.3711238587805585       -1.2956688507260807E-002  -9.4821152156858695     
   9.3953010040217322       -1.9911063484105811E-002  -9.4582848622464191     
   9.4167048107352525       -2.1522444117951515E-002  -9.4272623482328672     
   9.4398553518236294       -1.7895890115494747E-002  -9.3981101008701131     
   9.4676059283884335       -1.0408078283009070E-002  -9.3787533097560090     
   9.4973530002432032       -1.7301713763342495E-003  -9.3719336978020529     
   9.5223814647328506        5.3939976842986275E-003  -9.3732538978666806     
   9.5655704925860761        1.7000520532086415E-002  -9.3851774580558001     
   9.6310379328951186        3.3009541281340080E-002  -9.4181802215636274     
   9.7270186268638312        5.3682444507448496E-002  -9.4875843455200268     
   9.9021423201067567        8.4349175903038906E-002  -9.6609351303032902     
   10.131783631030185       0.10861651415579310       -9.9715620163138148     
   10.269296582699416       0.10914149491114969       -10.206283661905683     
   10.372607927407000        9.6085387302755704E-002  -10.414652914995260     
   10.443705858099966        6.7841928965344911E-002  -10.598436612542729     
   10.454978199955232        2.7530667747847411E-002  -10.708192194993266     
   10.429898973055634        2.2294967753374653E-003  -10.726854998439734     
   10.401828500075558       -1.4499358659725738E-002  -10.722036529901622     
   10.345994602820829       -3.8667615667023987E-002  -10.692189974994717     
   10.254821297245542       -6.7826738613750520E-002  -10.618917967182602     
   10.094273755928235      -0.10537786235101346       -10.449816286289366     
   9.8106876287055425      -0.14472343213548455       -10.056898514010520     
   9.6082971994167963      -0.14944301326605122       -9.7135620090202615     
   9.4419307966090305      -0.13269654291102331       -9.4031386956683622     
   9.2848871368689707       -8.7044128611609886E-002  -9.0900764947049559     
   9.2264991457273275       -3.6314069544153345E-002  -8.9422540735658629     
   9.2365660273249279       -1.7479467786204383E-003  -8.9131753218095913     
   9.2640754488528287        1.9548853342997496E-002  -8.9215364406806259     
   9.3246351042760907        4.6464785502696976E-002  -8.9612233122269735     
   9.4176015741818109        7.3671558543242491E-002  -9.0359700721433622     
   9.5477486266322362       0.10163168486221877       -9.1522490672557435     
   9.7624104971066341       0.13683826004366290       -9.3689528366362129     
   9.9586034110007695       0.16163308391163925       -9.6006358034651615     
   10.168848073331482       0.17940289144514115       -9.8925057791180144     
   10.438387106911046       0.18161780712186304       -10.328750368089214     
   10.651800699813222       0.16023648080621206       -10.698465604536155     
   10.888275318048803       0.10663593714354863       -11.087889096645165     
   11.028255264535501        5.2527077888125648E-002  -11.284442213124320     
   11.093134329295140        6.4503775054359763E-003  -11.350256781791058     
   11.101092419129380       -1.3778952733288349E-002  -11.345718206856336     
   11.088788843385515       -3.4232736596583054E-002  -11.311827113985375     
   11.048955974485475       -5.2094436792311731E-002  -11.244831370289790     
   10.969933150916756       -6.7210567339466301E-002  -11.137579462825654     
   10.826177383419999       -7.9883479450601202E-002  -10.975543219143278     
   10.693890178638426       -8.7069290129746152E-002  -10.845386695262771     
   10.541577628594299       -9.4262663085821416E-002  -10.704792067742346     
   10.334832722950544      -0.10406908079488027       -10.511414828762900     
   10.179302217332248      -0.11115564577337159       -10.351038955558572     
   10.031595362735381      -0.11612849512320431       -10.176643223780793     
   9.8556675796989968      -0.11537768173220035       -9.9277865396289400     
   9.7177648982299161      -0.10202881700898962       -9.6879244625464729     
   9.6344563751389991       -7.8035730893568772E-002  -9.5053148999541914     
   9.6003092456989290       -3.6639693763882972E-002  -9.3635076574777045     
   9.6192767651842068       -7.9282116787819674E-003  -9.3312550225661273     
   9.6432299250603499        8.9605071235519442E-003  -9.3316453481475463     
   9.6887532658749471        3.1440906813444157E-002  -9.3529622011027715     
   9.7664137556132768        5.9277854139618884E-002  -9.4131123344573222     
   9.8923214914305468        9.2340266761676837E-002  -9.5424982624149361     
   10.136435479818308       0.13268301537118649       -9.8695564098671369     
   10.336491308052524       0.14340886469525377       -10.200528168627416     
   10.496446796627405       0.13264494241127442       -10.498035446884785     
   10.637853522139622        9.9663020126905505E-002  -10.784117918166290     
   10.717338915826453        4.4786776610093490E-002  -10.985907498698278     
   10.709737052043835        8.2209469910544796E-003  -11.029153717018634     
   10.685132001944341       -1.2349046486723322E-002  -11.027320365554592     
   10.633585014896957       -3.7681787026117651E-002  -10.999838429174005     
   10.549547595566620       -6.5250541257607209E-002  -10.937629517931306     
   10.427653240388297       -9.4528422595813413E-002  -10.832127591016786     
   10.219037151574923      -0.13235370996457907       -10.622156364282910     
   10.020701871743009      -0.15958234098443080       -10.385101775782177     
   9.8012984882597642      -0.17899790521696018       -10.074333492361008     
   9.5308707229967258      -0.18015474735977932       -9.6300599547261214     
   9.3090193883451100      -0.15588952440560677       -9.2466910415239223     
   9.0620038875773314       -9.7184274824910252E-002  -8.8528557449993546     
   8.9307259731195412       -4.6196600936937025E-002  -8.6822729890452219     
   8.8664177105318576       -4.2019221980228207E-003  -8.6279805827349279     
   8.8554464797931303        1.2752258668675173E-002  -8.6327699515458853     
   8.8589201825408850        3.0456323269907246E-002  -8.6622714022709442     
   8.8824184035065183        4.5036396881485419E-002  -8.7180101574772184     
   8.9272760572769325        5.5546489414463364E-002  -8.7969314121685365     
   8.9976622822312908        6.2122021100650800E-002  -8.8987980031279434     
   9.1240534007541303        6.5541812228348803E-002  -9.0479900962703841     
   9.2493698996054974        6.6795193987897961E-002  -9.1706647573039035     
   9.3749123693715717        6.8853397155942547E-002  -9.2801000776267006     
   9.5404471011589305        7.3914882102954146E-002  -9.4181950983653380     
   9.7064742085607421        8.1308340866561732E-002  -9.5643605194333574     
   9.8404145819428130        8.7849128470837132E-002  -9.6980024869393500     
   9.9735862790006760        9.2962845857214121E-002  -9.8533812582547622     
   10.136296577754200        9.1978573207547598E-002  -10.087328653978556     
   10.242387987089725        7.9405362882979225E-002  -10.280955457153206     
   10.306277222423141        5.2867773086629884E-002  -10.444281461078514     
   10.310794999591005        2.2318972299160581E-002  -10.522010349080350     
   10.290274102731969        1.7245260273735356E-003  -10.536776352638052     
   10.267258402114074       -1.2378244186493269E-002  -10.532516471976452     
   10.221079827581466       -3.3079985025518371E-002  -10.505953811528226     
   10.146493729928155       -5.7704578612877769E-002  -10.440726089400378     
   10.034917426392672       -8.4588904544153617E-002  -10.314580021893796     
   9.8855227566470152      -0.10803568101943918       -10.106296654329086     
   9.7393957798178850      -0.11714806608852840       -9.8634672136810018     
   9.6166187270092820      -0.11050779953187154       -9.6282380683023305     
   9.5204415624349039       -8.8141354415491605E-002  -9.4128410668311187     
   9.4706524479396474       -4.4378370537373736E-002  -9.2372446538587614     
   9.4870592802140923       -1.1976895833534293E-002  -9.1923865552160269     
   9.5132121115928623        6.9792219745671742E-003  -9.1901743677820225     
   9.5583161175446882        2.9131043861659680E-002  -9.2080503722723304     
   9.6357102632776979        5.6676375449110812E-002  -9.2607331576022993     
   9.7595244973332065        8.9600517310349737E-002  -9.3720361566462795     
   9.9812583568068636       0.13189250759172835       -9.6267601409873276     
   10.232956057478088       0.15899809761704750       -9.9930594841008755     
   10.450599791332223       0.15956887036773706       -10.364668374703660     
   10.640339996060076       0.13640958875338854       -10.710253851160184     
   10.820375008408266        8.2282041589485960E-002  -11.038640534440590     
   10.887473272374303        3.5012819229987828E-002  -11.166493883785236     
   10.890399741451102       -2.3719910227446347E-003  -11.194476223774984     
   10.853505627598448       -3.2125720229707971E-002  -11.169225436151480     
   10.774047160518839       -6.0977070261533539E-002  -11.098824238511352     
   10.666544327234817       -8.5116934109613573E-002  -11.000240748614123     
   10.528993496706310      -0.10765918636898585       -10.871773944558907     
   10.312578713391471      -0.13527196794017721       -10.657089628034946     
   10.117001975037617      -0.15524135264813582       -10.437998729510989     
   9.9278589702487778      -0.16924839070187894       -10.192487606575861     
   9.6819333055828984      -0.17376276603102708       -9.8154274534332693     
   9.4917835144847160      -0.15942674007423452       -9.4853418290244065     
   9.3269348474323603      -0.12718380811624444       -9.1843693928724797     
   9.1813887359680351       -6.6258042066982645E-002  -8.9102237679626501     
   9.1479696325796329       -1.6596509706289019E-002  -8.8241085357013773     
   9.1656600857206154        1.3504715644054529E-002  -8.8222299066383876     
   9.2195153605148938        4.4013239140859146E-002  -8.8612921414533741     
   9.3089315814469096        7.2380912052039198E-002  -8.9385111852530592     
   9.4292162310304981        9.8430894446336792E-002  -9.0481069212805743     
   9.5982223328815603       0.12605682940449070       -9.2107869492294210     
   9.8290455531986218       0.15561056030579182       -9.4585568004255887     
   10.021156021726192       0.17426420463523648       -9.6982385233044255     
   10.266604982364951       0.18643906493843554       -10.058510579073019     
   10.502918372492930       0.17825909164449233       -10.453706312861172     
   10.707531540820677       0.14925980976414491       -10.807899067893532     
   10.924270102129590        8.9206005984310069E-002  -11.157798381091352     
   11.029787393385888        3.7997242562282423E-002  -11.302417687542000     
   11.066101547426538       -2.0862558748622317E-003  -11.336760181805763     
   11.061646219070242       -2.4140336821206500E-002  -11.320029191410429     
   11.027062684198521       -4.6976397160383238E-002  -11.264809367561808     
   10.939883570338539       -6.9198888760092503E-002  -11.152854754237646     
   10.800499791719107       -8.6510251591057297E-002  -11.000292137523939     
   10.663974730731427       -9.7547631722744998E-002  -10.865542638249659     
   10.496677449531459      -0.10859970212017650       -10.706892013982118     
   10.285406742253528      -0.12107063431144083       -10.498806934348266     
   10.122747416475079      -0.12923280554609715       -10.319683515382851     
   9.9600320608749531      -0.13416686499009536       -10.113001186024242     
   9.7624520453273220      -0.12954151929383684       -9.8112144230367342     
   9.6345077985003069      -0.11250052233713104       -9.5760695981901254     
   9.5484768689481161       -8.3713554109229829E-002  -9.3835251247743585     
   9.5144596038898221       -3.7071377836722270E-002  -9.2394808713650036     
   9.5362237132522321       -5.6295364353884762E-003  -9.2095830477003027     
   9.5639721050486681        1.3252086728393703E-002  -9.2126249359923467     
   9.6182660914926164        3.8799643253783073E-002  -9.2406259491576872     
   9.7086429650614328        6.9466059225318705E-002  -9.3116611332127661     
   9.8679338167725810       0.10878390853538451       -9.4745127445584387     
   10.111014789608500       0.14849566173942580       -9.7917455679671868     
   10.375318555994898       0.16432513643366906       -10.217057560750995     
   10.579181330517946       0.15130534143521834       -10.580670977123471     
   10.797694392870298       0.10429493291023847       -10.971283731998321     
   10.908859173656840        5.5030582918237973E-002  -11.160866849534365     
   10.946495723077380        1.1914386135215617E-002  -11.228637925861278     
   10.907266294204110       -3.5656311515683693E-002  -11.197959684421637     
   10.811600875925020       -6.6470414305092873E-002  -11.103635584923074     
   10.697399098895668       -8.7956613325826327E-002  -10.994023824606083     
   10.557768675437508      -0.10715599916348047       -10.861821765847067     
   10.349641085915760      -0.12985400924349669       -10.657775429511407     
   10.154863642487065      -0.14726345866399154       -10.445856592408310     
   9.9749649742756592      -0.15926843264546983       -10.220524433654406     
   9.7446856693455608      -0.16376971144097596       -9.8787232122958475     
   9.5622624778846177      -0.15131362540001669       -9.5643829063562684     
   9.4205425356435413      -0.12414452417215634       -9.2963155327099063     
   9.3064322246552216       -7.5120234719779536E-002  -9.0547546039082576     
   9.2802368243444739       -2.1279393585569309E-002  -8.9462098025543337     
   9.3012546465768562        5.8252274748939225E-003  -8.9378119603573420     
   9.3430832248371107        3.1236690328538295E-002  -8.9566862572856252     
   9.4188735021179575        6.0251622132902957E-002  -9.0106195914587293     
   9.5308255826609010        9.0402588370528614E-002  -9.1056197109151427     
   9.7172925788938382       0.12768948423249532       -9.2874410099620839     
   9.9307024935809416       0.16008731162536149       -9.5321232237638025     
   10.138378971545224       0.18220897072173967       -9.8138037507029114     
   10.426619063996762       0.19144177954454195       -10.271412409370775     
   10.673852999503696       0.17289370707983656       -10.690416220520996     
   10.930774447781928       0.12690123213077184       -11.092317170981930     
   11.169410319538740        6.3664937501608024E-002  -11.384940015405277     
   11.294753361536431        2.3015014923044554E-002  -11.484048955101411     
   11.362442142726525       -6.8275582678111553E-004  -11.503855648644670     
   11.391420762656242       -1.0141678920420019E-002  -11.497329390044259     
   11.419682943586722       -1.6870206083417379E-002  -11.477686756109682     
   11.445522315063799       -1.8298927240779944E-002  -11.451279236764861     
   11.472767085154826       -1.4600277664789165E-002  -11.427124575172355     
   11.503187563707129       -7.3763091913263299E-003  -11.412509459876633     
   11.531902779113114        2.5094527217560338E-004  -11.408863810501353     
   11.560413991577775        7.8351283821807560E-003  -11.412116185797668     
   11.609456502520469        2.0340391984222671E-002  -11.428614743760617     
   11.681847805512799        3.7275146555914268E-002  -11.469768206964867     
   11.788850888289561        5.9210983595800508E-002  -11.555526234374705     
   11.983313884625380        8.9891065608455209E-002  -11.770293965896691     
   12.160017718905697       0.10424529028765789       -12.028493777187578     
   12.280564456971190       0.10160229728380218       -12.243534948852332     
   12.371176595676671        8.6023528602644367E-002  -12.437021805258038     
   12.427247259855131        5.1770290361899514E-002  -12.611573867127756     
   12.419673855734668        1.8836914145555040E-002  -12.676803725021582     
   12.394329005455608       -1.9007121695492411E-003  -12.685744794507425     
   12.360749194524431       -2.0016748323010425E-002  -12.676087004306531     
   12.297731167718782       -4.4997732080829793E-002  -12.636836209703148     
   12.196638095697727       -7.4835989988691648E-002  -12.547523613259886     
   12.005025391920547      -0.11469024814880403       -12.325339369969347     
   11.746368065270566      -0.14204435934516002       -11.937198034011121     
   11.575450995860662      -0.13954024072940927       -11.633233290252141     
   11.429115983582724      -0.11765351729632795       -11.348120513167768     
   11.308393798150133       -6.7276638610644396E-002  -11.080256703099208     
   11.290565973565387       -2.2514917501645811E-002  -10.987740666683564     
   11.311348790949141        3.2738312645150388E-003  -10.976917092899248     
   11.348103694805548        2.5519047756957253E-002  -10.990701902021199     
   11.417255711030224        5.2498243083978588E-002  -11.036208231076282     
   11.520643919959360        8.1025352733543721E-002  -11.120118089517936     
   11.679977331309859       0.11411348659515481       -11.269513349512851     
   11.899741722637886       0.14895536631740525       -11.512625460230772     
   12.100271559862421       0.17165582965830739       -11.777474965362215     
   12.374351618128843       0.18336323285899614       -12.206163474861443     
   12.600732173490735       0.16929609935778903       -12.595491277715205     
   12.847507953038514       0.12426415027595246       -13.007398199294808     
   13.032342776037723        6.5847969414309496E-002  -13.270894800072481     
   13.125939565541916        1.8965097688232978E-002  -13.368671394977513     
   13.152661922737529       -5.2020939094291983E-003  -13.378010594603552     
   13.158142441383490       -2.2444129486744884E-002  -13.360657553531590     
   13.146510108749091       -3.7891331740541684E-002  -13.317591262766383     
   13.116049535980016       -4.9338390630680413E-002  -13.251766620613285     
   13.066482405783892       -5.6504072167113249E-002  -13.167056588138655     
   12.994277400319197       -5.9693141447116654E-002  -13.064322957762879     
   12.868596152683695       -5.9372727445191439E-002  -12.919393857111469     
   12.749843973971522       -5.8537328023942403E-002  -12.807427097927290     
   12.633407193591099       -5.9427588980775672E-002  -12.710642714191287     
   12.493194141929466       -6.3311727969219189E-002  -12.599984579454517     
   12.318769060541380       -7.1706590580555563E-002  -12.455561665982467     
   12.186511210045291       -7.9397396199725565E-002  -12.330450699000441     
   12.056820835836115       -8.6167896939198602E-002  -12.186232323290691     
   11.900066514878047       -8.8785293497926410E-002  -11.971492252217431     
   11.784835253955695       -7.9825144107043208E-002  -11.771650427838711     
   11.715081469169441       -5.9048560154934274E-002  -11.610230667991242     
   11.697601338336865       -2.7362816620225765E-002  -11.507113680383425     
   11.715247933194057       -5.7053139818143070E-003  -11.484478961563932     
   11.736161200490900        8.1863763950502152E-003  -11.485481384326123     
   11.775452715443935        2.7003115169187703E-002  -11.504880177259224     
   11.840805116148569        5.0054230519771002E-002  -11.558013743662796     
   11.938715484299188        7.5508259969482433E-002  -11.663161229599005     
   12.073181288397359        9.9394071962030789E-002  -11.842081214724258     
   12.216004772318877       0.11199761991620194       -12.070055521827577     
   12.339271373068206       0.10948505972103750       -12.298895555043924     
   12.437693611498206        9.2109585625951534E-002  -12.511706969360526     
   12.499839988597566        5.4173648326259982E-002  -12.700565929726965     
   12.492233331089389        1.8645957588322114E-002  -12.768182269746475     
   12.466440909607579       -2.4630067383609447E-003  -12.776349453114364     
   12.430262620484092       -2.1774003251327129E-002  -12.765625674379880     
   12.363261974798366       -4.7773702490667667E-002  -12.724540459218929     
   12.256286634340176       -7.8695548690053754E-002  -12.633524551180102     
   12.050733609628784      -0.12140099438283378       -12.406259139680067     
   11.798485387329215      -0.15219424615833888       -12.048215870562318     
   11.582896520475291      -0.15570088586241074       -11.683043871755936     
   11.404192366538645      -0.13644408574882760       -11.354230402687021     
   11.230323931050789       -8.5874438841583786E-002  -11.023463536586465     
   11.165651767903768       -3.6976636977198649E-002  -10.883963151597470     
   11.168033049738082       -7.0632301885167675E-004  -10.853331462159055     
   11.196837993319077        2.3550644422047063E-002  -10.866095187928638     
   11.262810519400656        5.1656507835703726E-002  -10.916370362418432     
   11.360397607647952        7.7791198413834861E-002  -11.000231571097361     
   11.490819590797944       0.10310229616274594       -11.118948732800860     
   11.696521570395767       0.13381331676562089       -11.322260738895141     
   11.897267887527914       0.15748685889574435       -11.548836746935363     
   12.092254208805475       0.17411408652837282       -11.805405177243040     
   12.353737463630379       0.18035953464220547       -12.211327648408673     
   12.557715355487554       0.16528230858635398       -12.564020307189773     
   12.751591488453458       0.12818631142598222       -12.903978441982780     
   12.918071352247471        6.6992860946618396E-002  -13.179462844016362     
   12.977068481920931        1.8489132195171617E-002  -13.270656740227768     
   12.970145575900753       -2.1422590460985779E-002  -13.267014846755782     
   12.885638937449759       -6.0566644711841623E-002  -13.174480505292131     
   12.769848387882982       -8.4874268566220046E-002  -13.056059145535636     
   12.637543864555015      -0.10337597004316790       -12.927176297331803     
   12.467731274312699      -0.12173536370618868       -12.762994350155422     
   12.243545215734082      -0.14159137576955935       -12.532222853747577     
   12.065311227829152      -0.15414505182289553       -12.324116210469770     
   11.875332810889018      -0.16198624776299214       -12.066617427806841     
   11.650149555430312      -0.15650806824006974       -11.705423685316790     
   11.499079815615042      -0.13623578163894579       -11.429564792568494     
   11.379502126426281      -0.10073791183694612       -11.188642321988233     
   11.310305433141728       -4.2675812901781608E-002  -11.003506286089806     
   11.323988636369368       -4.1720657553138054E-003  -10.967198276450265     
   11.352077351898124        1.7423507006148978E-002  -10.972846763895843     
   11.411217038573172        4.5313539490802905E-002  -11.007542468817867     
   11.505008992892160        7.5366161454103756E-002  -11.080771367290358     
   11.645891249164322       0.10859033991742281       -11.209634612228680     
   11.871059098068908       0.14842476347972725       -11.452856341888403     
   12.072760895629878       0.17430459427220277       -11.713292425704083     
   12.346993241358058       0.19125252166713558       -12.132722100094362     
   12.606506483274549       0.18090555764356112       -12.570847514694389     
   12.868502133010391       0.14197847354351845       -12.994506375824532     
   13.124004093710369        8.1199058336609842E-002  -13.331239652132709     
   13.280563869996577        3.5190948868593114E-002  -13.474559362567653     
   13.377644851998165        4.5711943644975422E-003  -13.518074497068515     
   13.413298258878555       -5.6523320135159379E-003  -13.517029793184713     
   13.446633828390759       -1.2561441882250420E-002  -13.503802926279119     
   13.477807798613158       -1.4363276589159618E-002  -13.483397270876448     
   13.509236207032780       -1.1108009764962729E-002  -13.464717630059432     
   13.541669568829654       -4.5813753535060443E-003  -13.454518451262011     
   13.568039469309104        1.6610159089759402E-003  -13.453156376239853     
   13.602271698642646        1.0068348460029186E-002  -13.458739523311412     
   13.656587278976064        2.3149546904640765E-002  -13.480078022673263     
   13.735016470218884        4.0656274898833743E-002  -13.529706619455972     
   13.849960282144334        6.2916892634761301E-002  -13.631250424230711     
   14.015591066094267        8.6922217244191885E-002  -13.827114616010553     
   14.159265289014398        9.7033365896804294E-002  -14.043621667629301     
   14.268381392962155        9.3567574324686140E-002  -14.242075360830412     
   14.349638472354659        7.7596862965172375E-002  -14.422277015028314     
   14.392920558601576        4.3478107738619827E-002  -14.578682951449455     
   14.379843599021161        1.4677293878987422E-002  -14.627617762860874     
   14.355858712305469       -3.3522606769275771E-003  -14.633107835226648     
   14.320374745647031       -2.1709103496121904E-002  -14.621274932073904     
   14.256327921247745       -4.6202178755116230E-002  -14.578607308065722     
   14.154846494246671       -7.5166570379998965E-002  -14.484221618271532     
   13.984018780467013      -0.10958943205918294       -14.279061903116302     
   13.775470469801915      -0.13194968661836864       -13.964227159431180     
   13.617457400591269      -0.13131699856003534       -13.683268412213389     
   13.486078638806339      -0.11310643410008347       -13.422078547333804     
   13.382554533108753       -7.1236713197953369E-002  -13.178769877585600     
   13.365478942852183       -2.5987011458833077E-002  -13.072680417467531     
   13.388934193752373        7.3788225553883470E-004  -13.057767024548069     
   13.422113637602838        2.0706938399070351E-002  -13.066942628834163     
   13.486546701334687        4.7072561715778151E-002  -13.105052331742318     
   13.586435496217423        7.6535703594983587E-002  -13.183690590192558     
   13.754646934975147       0.11359182999834844       -13.344746067363168     
   13.969342111476509       0.14871666782782306       -13.594894925446582     
   14.189898436383102       0.17188536991093969       -13.906008907800318     
   14.456928898812588       0.17606236790066210       -14.345955077906009     
   14.679339935664355       0.15319830391128342       -14.733747497351958     
   14.921090341462497        9.5495048013475581E-002  -15.126362646779446     
   15.042536231840156        4.6390563903015956E-002  -15.290793070336175     
   15.100802796658567        3.6305776414527276E-003  -15.345242059831126     
   15.107650246110298       -1.4442510455072466E-002  -15.339021702894684     
   15.096280650575423       -3.3553604444254835E-002  -15.305156340467990     
   15.059782948248596       -4.9885060046050644E-002  -15.240914526780715     
   14.990602655747553       -6.3039337626644487E-002  -15.143295985267251     
   14.856860583412471       -7.4203945630137783E-002  -14.987966741219800     
   14.727950308884566       -8.0344129155351107E-002  -14.859702234174442     
   14.587993338704790       -8.6144294518182257E-002  -14.731601755955904     
   14.390070835821909       -9.4895424836664674E-002  -14.552645147216564     
   14.229771191940621      -0.10236049378606490       -14.395928952436181     
   14.086409652197968      -0.10812727172486099       -14.236657035316242     
   13.934155793840942      -0.11058255784901692       -14.037601116672386     
   13.770999972293451      -0.10185956979523034       -13.775347940424085     
   13.677682674071555       -8.2472366771496386E-002  -13.586307397141567     
   13.627052423298553       -4.6692969846243729E-002  -13.428163868704832     
   13.636879811794138       -1.5267877700227953E-002  -13.374730266661295     
   13.659744831886375        3.4674630834823552E-003  -13.369094892151553     
   13.694732340092358        2.2583291687664011E-002  -13.381362495480451     
   13.758690869611735        4.7930247737562472E-002  -13.425586059438100     
   13.860688809858262        7.7670197234216004E-002  -13.523218427877477     
   14.030588479088859       0.11220057376961666       -13.731612795994955     
   14.236061701479221       0.13411296394699290       -14.045465019372081     
   14.396679205154685       0.13319843762826530       -14.332186294861536     
   14.532212280311647       0.11398559357116096       -14.600904083226022     
   14.640349975769729        6.9215341200450267E-002  -14.852566668409482     
   14.656157179683060        2.4586408318323937E-002  -14.952099711166797     
   14.633278460938842       -1.6035519026925090E-003  -14.965361368571127     
   14.599308006112421       -2.1981201895669232E-002  -14.955048509200681     
   14.533590982803922       -4.8487653990404715E-002  -14.915078095418934     
   14.432763530127186       -7.7676905197437404E-002  -14.835196134420180     
   14.267683891196420      -0.11349811260837606       -14.678467872287355     
   14.052869986251968      -0.14849486912947821       -14.432502534640543     
   13.841258651768705      -0.17161352047699693       -14.140534804310601     
   13.567676433512007      -0.17864384353116697       -13.696904016268187     
   13.344985525146463      -0.15877880001839173       -13.309830098992235     
   13.093276744068994      -0.10316190995690322       -12.898260677063233     
   12.956170580374870       -5.1947573713078239E-002  -12.710983760111597     
   12.885995938035407       -7.1080347581320910E-003  -12.643952725893632     
   12.874610094054374        1.1145432386560100E-002  -12.646442522570819     
   12.879217190933604        2.9579798595649631E-002  -12.674189091647801     
   12.905568685935542        4.5332241965091134E-002  -12.729993181421301     
   12.956777300750657        5.7367034710047948E-002  -12.812437477203662     
   13.044810140409165        6.6142916954468153E-002  -12.929074659071878     
   13.185939258697864        7.2012051556583967E-002  -13.083227346084813     
   13.312510162794593        7.5575021643213489E-002  -13.202601762587999     
   13.456587898082644        8.0175759647531195E-002  -13.329110460130552     
   13.648754213014154        8.8033851750591030E-002  -13.499423145028361     
   13.794818755247730        9.4705744763154645E-002  -13.642133517578342     
   13.931832561863679       0.10006229103426294       -13.795737140430058     
   14.084646726644532       0.10166460691278124       -14.000316689134653     
   14.228982821840065        9.1421413971078891E-002  -14.240891955450127     
   14.309408978756609        7.0515789338649132E-002  -14.414894417801346     
   14.340756640143644        3.3825159146102741E-002  -14.547107561987579     
   14.323924621325967        8.3859124661902571E-003  -14.577783843868005     
   14.301722326924073       -7.3508105821938497E-003  -14.578249979587845     
   14.261502351231380       -2.7407969939908121E-002  -14.559867836212899     
   14.192798136285145       -5.2436771595286258E-002  -14.506345269058903     
   14.086178194424036       -8.0999305058643084E-002  -14.395456192697580     
   13.926478568139272      -0.11011441503729424       -14.186713524592529     
   13.757085121822406      -0.12510388575116418       -13.917896719903430     
   13.616180606637245      -0.12194564046322966       -13.659202967730067     
   13.500683587776344      -0.10216818441054330       -13.418845526071046     
   13.420721902406898       -5.9461959770353144E-002  -13.204332819130444     
   13.421953717501417       -1.9711076294887407E-002  -13.127785619084266     
   13.447095783054662        2.8910919784345267E-003  -13.119231248529600     
   13.484454503646182        2.3418724140971785E-002  -13.130973137186219     
   13.553359437239322        5.0098262195996911E-002  -13.173346425732548     
   13.660905430238014        8.0786414471797047E-002  -13.261655722356558     
   13.856032014354346       0.12194024160346505       -13.462330753151077     
   14.062976008194779       0.15279039618602416       -13.725419717158676     
   14.329865517473936       0.17135149026172622       -14.137804733229004     
   14.546068427599547       0.16253823838237735       -14.514060682434740     
   14.775824449883240       0.12264423604917217       -14.917535595722383     
   14.932937298060752        6.8458801671968550E-002  -15.172024668820420     
   15.000559776427622        2.3349491660031960E-002  -15.269311209376966     
   15.009879901705430       -1.1293747922669080E-002  -15.279474224947748     
   14.978226016668604       -3.8635744331798921E-002  -15.238265623426447     
   14.874033669972370       -6.8833909040409619E-002  -15.120092390826859     
   14.751849807513883       -8.7322674174034789E-002  -14.995352694885769     
   14.614511556267574      -0.10206147919812400       -14.862988632412904     
   14.426374966628659      -0.11836677717432677       -14.682605669165151     
   14.223972369304084      -0.13331539341130597       -14.474076367972446     
   14.055029047970697      -0.14322479674554989       -14.276190943975042     
   13.869749762434315      -0.14846165105355028       -14.022585129204778     
   13.670239034829546      -0.14005934953041699       -13.696804650458576     
   13.542220415350338      -0.11895896565869124       -13.453535232499446     
   13.450884974610542       -8.4034944815716370E-002  -13.248605052901425     
   13.419640107178550       -3.2181193061111009E-002  -13.111031468732955     
   13.443199658027252       -1.1650706860906919E-003  -13.089706294292506     
   13.474576665532734        1.9164931232983171E-002  -13.097016736470387     
   13.537423943438569        4.6832513097869941E-002  -13.133417452456069     
   13.637925981184351        7.8492049218981078E-002  -13.213965852187751     
   13.817680406852794       0.11990123032432476       -13.393936147046835     
   14.033571292788263       0.15547994830030434       -13.660287600466580     
   14.299002842926988       0.17900261076701096       -14.059287099841780     
   14.551812310984477       0.17443351501180940       -14.489440472424741     
   14.822432040192242       0.13527051175347563       -14.944848196186541     
   15.053145265509505        7.2907776009165606E-002  -15.271953384041554     
   15.170029596512929        2.7062817948381133E-002  -15.390239860812883     
   15.220756286729742       -7.0801403568205613E-004  -15.412901382153370     
   15.237247041991573       -1.3503055157187803E-002  -15.405155933336003     
   15.246611027258302       -2.5658333156791984E-002  -15.378580144931359     
   15.246103185302086       -3.3725488943106154E-002  -15.335677403212099     
   15.238816427576308       -3.6939697475115316E-002  -15.282910211362953     
   15.229540542837210       -3.5312853701676417E-002  -15.227897935718612     
   15.223725623459636       -2.9335742127834647E-002  -15.178427174693985     
   15.226454840431327       -2.0041295377571579E-002  -15.141711348873605     
   15.239993491696671       -9.1844416474092805E-003  -15.121997400850585     
   15.259289700869843        3.0375952168083570E-004  -15.117438280896545     
   15.281873519301286        8.7667830304395955E-003  -15.121130994467299     
   15.324100685019324        2.1313127429125833E-002  -15.138043671627823     
   15.387383326403301        3.6328967852015281E-002  -15.174078952835716     
   15.474182435118609        5.3356232931306910E-002  -15.233801266784038     
   15.594221941436492        7.3408205966903103E-002  -15.329248263982935     
   15.789262262525826       0.10091558558647994       -15.513948744230802     
   15.960209135225307       0.12010178397414195       -15.711206191185770     
   16.166709761289734       0.13330265120758281       -16.003195921662503     
