  -5.0000000000000000       -8.6999999999999993     
  -4.9000000000000004       -8.1752515779707355     
  -4.8000000000000007       -7.6515959188907958     
  -4.7000000000000011       -7.1301257857094962     
  -4.6000000000000014       -6.6119339413761598     
  -4.5000000000000018       -6.0981131488401079     
  -4.4000000000000021       -5.5897561710506620     
  -4.3000000000000025       -5.0879557709571426     
  -4.2000000000000028       -4.5938047115088709     
  -4.1000000000000032       -4.1083957556551693     
  -4.0000000000000036       -3.6328216663453565     
  -3.9000000000000035       -3.1681752065287530     
  -3.8000000000000034       -2.7155491391546818     
  -3.7000000000000033       -2.2760362271724635     
  -3.6000000000000032       -1.8507292335314218     
  -3.5000000000000031       -1.4407209211808751     
  -3.4000000000000030       -1.0471040530701448     
  -3.3000000000000029      -0.67097139214855317     
  -3.2000000000000028      -0.31341570136542063     
  -3.1000000000000028        2.4470256329931050E-002
  -3.0000000000000027       0.34159371798818183     
  -2.9000000000000026       0.63686192066001035     
  -2.8000000000000025       0.90918210139609457     
  -2.7000000000000024        1.1574614972471138     
  -2.6000000000000023        1.3806073452637473     
  -2.5000000000000022        1.5775268824966739     
  -2.4000000000000021        1.7471273459965722     
  -2.3000000000000020        1.8883159728141201     
  -2.2000000000000020        1.9999999999999984     
  -2.1000000000000019        2.0817136065367787     
  -2.0000000000000018        2.1354987391346119     
  -1.9000000000000017        2.1640242864355432     
  -1.8000000000000016        2.1699591370816154     
  -1.7000000000000015        2.1559721797148734     
  -1.6000000000000014        2.1247323029773635     
  -1.5000000000000013        2.0789083955111285     
  -1.4000000000000012        2.0211693459582132     
  -1.3000000000000012        1.9541840429606632     
  -1.2000000000000011        1.8806213751605223     
  -1.1000000000000010        1.8031502311998335     
  -1.0000000000000009        1.7244394997206436     
 -0.90000000000000091        1.6471580693649968     
 -0.80000000000000093        1.5739748287749358     
 -0.70000000000000095        1.5075586665925083     
 -0.60000000000000098        1.4505784714597543     
 -0.50000000000000100        1.4057031320187228     
 -0.40000000000000102        1.3756015369114554     
 -0.30000000000000104        1.3629425747799997     
 -0.20000000000000104        1.3703951342663963     
 -0.10000000000000103        1.4006281040126918     
  -1.0269562977782698E-015   1.4563103726609332     
   9.9999999999998979E-002   1.5401108288531580     
  0.19999999999999898        1.6546983612314179     
  0.29999999999999899        1.8027418584377528     
  0.39999999999999902        1.9869102091142101     
  0.49999999999999900        2.2098723019028350     
  0.59999999999999898        2.4742970254456669     
  0.69999999999999896        2.7828532683847556     
  0.79999999999999893        3.1382099193621427     
  0.89999999999999891        3.5430358670198743     
  0.99999999999999889        3.9999999999999978     
   1.0999999999999990        4.5093280220391021     
   1.1999999999999991        5.0614728972520062     
   1.2999999999999992        5.6444444048480715     
   1.3999999999999992        6.2462523240366625     
   1.4999999999999993        6.8549064340271428     
   1.5999999999999994        7.4584165140288778     
   1.6999999999999995        8.0447923432512294     
   1.7999999999999996        8.6020437009035629     
   1.8999999999999997        9.1181803661952436     
   1.9999999999999998        9.5812121183356336     
   2.0999999999999996        9.9791487365340981     
   2.1999999999999997        10.300000000000001     
   2.2999999999999998        10.534344907762206     
   2.3999999999999999        10.683039338127530     
   2.5000000000000000        10.749508389222315     
   2.6000000000000001        10.737177159172873     
   2.7000000000000002        10.649470746105568     
   2.8000000000000003        10.489814248146702     
   2.9000000000000004        10.261632763422577     
   3.0000000000000004        9.9683513900595635     
   3.1000000000000005        9.6133952261839788     
   3.2000000000000006        9.2001893699221338     
   3.3000000000000007        8.7321589194003675     
   3.4000000000000008        8.2127289727450012     
   3.5000000000000009        7.6453246280823821     
   3.6000000000000010        7.0333709835388163     
   3.7000000000000011        6.3802931372406348     
   3.8000000000000012        5.6895161873141653     
   3.9000000000000012        4.9644652318857494     
   4.0000000000000009        4.2085653690816933     
   4.1000000000000005        3.4252416970283495     
   4.2000000000000002        2.6179193138520245     
   4.2999999999999998        1.7900233176790530     
   4.3999999999999995       0.94497880663575717     
   4.4999999999999991        8.6210878848466344E-002
   4.5999999999999988      -0.78285536755647556     
   4.6999999999999984       -1.6587948344527632     
   4.7999999999999980       -2.5381824237140602     
   4.8999999999999977       -3.4175930372140373     
   4.9999999999999973       -4.2936015768263722     
   5.0999999999999970       -5.1627829444247375     
   5.1999999999999966       -6.0217120418827923     
   5.2999999999999963       -6.8669637710742322     
   5.3999999999999959       -7.6951130338727101     
   5.4999999999999956       -8.5027347321519038     
   5.5999999999999952       -9.2864037677854938     
   5.6999999999999948       -10.042695042647139     
   5.7999999999999945       -10.768183458610526     
   5.8999999999999941       -11.459443917549315     
   5.9999999999999938       -12.113051321337192     
   6.0999999999999934       -12.725580571847818     
   6.1999999999999931       -13.293606570954871     
   6.2999999999999927       -13.813704220532019     
   6.3999999999999924       -14.282448422452935     
   6.4999999999999920       -14.696414078591298     
   6.5999999999999917       -15.052176090820774     
   6.6999999999999913       -15.346309361015035     
   6.7999999999999909       -15.575388791047759     
   6.8999999999999906       -15.735989282792620     
   6.9999999999999902       -15.824685738123277     
   7.0999999999999899       -15.838053058913424     
   7.1999999999999895       -15.772666147036711     
   7.2999999999999892       -15.625099904366838     
   7.3999999999999888       -15.391929232777439     
   7.4999999999999885       -15.069729034142229     
   7.5999999999999881       -14.655074210334842     
   7.6999999999999877       -14.144539663228976     
   7.7999999999999874       -13.534700294698293     
   7.8999999999999870       -12.822131006616480     
   7.9999999999999867       -12.003406700857184     
   8.0999999999999872       -11.075102279294095     
   8.1999999999999869       -10.033792643800878     
   8.2999999999999865       -8.8760526962512181     
   8.3999999999999861       -7.5984573385187666     
   8.4999999999999858       -6.1975814724772196     
   8.5999999999999854       -4.6700000000002255     
   8.6999999999999851       -3.0159570227578132     
   8.7999999999999847       -1.2503734416053149     
   8.8999999999999844       0.60816064280558746     
   8.9999999999999840        2.5410551298232136     
   9.0999999999999837        4.5297199187958839     
   9.1999999999999833        6.5555649090719186     
   9.2999999999999829        8.5999999999996355     
