3.769762989314972E-03  1.826734663751297E-03 -1.624252034181481E-04
1.912654025324613E-07  6.980641153006466E-06 -1.169566176298011E-08
1.078841112687420E-01 -4.385094731354620E-01 -4.569419556401959E-02
2.173843948469615E-02  7.918454249453073E-03 -1.347893885139274E-03
1.562800251885684E-01 -7.093318724018982E-01 -1.871373885039596E-02
1.964137224821279E-02  4.178307924180527E-03 -1.076239927041166E-03
-9.367575756119254E-01  3.144064935174048E-01 -1.722730822391617E-04
-5.712229008488911E-03 -1.638237243135022E-02  5.360703445825766E-07
-1.498980379878622E+00 -5.930086193515849E-01  2.425380352804107E-02
 5.672525728670066E-03 -1.180878872381552E-02 -3.868335203090721E-04
-5.294975086736742E+00  1.168286929227285E+00  1.135595676983066E-01
-1.713937780178560E-03 -7.013235757327163E-03  6.747965025994947E-05
-3.411256759934638E+00 -9.411706273863416E+00  2.994076163988346E-01
 4.938753680190757E-03 -1.917622481622088E-03 -1.633504555646645E-04
 1.879029049155126E+01  6.769826410003900E+00 -2.182892738861062E-01
-1.361931121467772E-03  3.516946548823591E-03  3.072721742785141E-05
2.802161456661129E+01 -1.059599327847104E+01 -4.275819746277966E-01
1.089791592044277E-03  2.954802849762819E-03 -8.631561843589638E-05
8.723909668552405E+00 -3.186627499682965E+01  8.864043279670853E-01
3.081423462294644E-03  1.740790319887990E-04 -9.085772427268285E-04
